// Result data GPU:

// Grid 1000x1000 = 1,000,000 nodes
10 agents:
297332
294360
295778
345989
298615

// Grid of 500x500 = 250,000 nodes
200 agents:		dispatch sizes of 20 at local size of 10
502128			773684
393374			698028
449688			748280
423919			766392
438105			646627

100 agents:
351281
332311
341169
432181
357576

10 agents:
165928
177524
260441
206317
313237

// Grid of 250x250 = 62500 nodes
Microseconds
1000 agents:
883394
761207
920970
811103
866984

790067
712537
737136
716558
790225

500 agents: 
426163
312782
369754
389325
461801

350173
435519
440691
433819
396837

200 agents:
190688
177523
184892
216487
178683

100 agents:
132807
134607
119528
139507
135644

130127
148715
119536
152281
143519

10 agents
81813
68823
94748
94189
78661

// Grid of 100x100 = 10,000 nodes
1000 agents:
168722
189379
170931
173187
204379

500 agents:
65829
65680
67521
65323
65416

200 agents:
30673
30714
30597
30180
29757

100 agents:
18977
20755
19203
20187
19813

10 agents:
16383
14728
16323
16348
16262

// Grid of 50x50 = 2,500 nodes
1000 agents:
51099
70393
53022
58224
66356

500 agents:
24100
23371
24333
23262
23949

200 agents:
10965
9837
10682
9443
9968

100 agents:
6018
6129
5783
5406
5592

10 agents:
4705
5183
6049
4561
4487
